pizzas:
- x: 8.841912269592285
  y: 6.093862533569336
- x: 8.364788055419922
  y: 8.13894271850586
