pizzas:
- x: 7.495201587677002
  y: 6.661214351654053
