pizzas:
- x: 4.201059341430664
  y: 7.349722385406494
- x: 4.179281234741211
  y: 7.329089641571045
- x: 3.212783098220825
  y: 5.257877349853516
