pizzas:
- x: 4.244662284851074
  y: 2.730403184890747
